0,32,256,2,8,32
1,32,256,2,8,16
2,32,256,4,8,32
3,32,256,4,8,16
4,32,256,8,8,32
5,32,256,8,8,16
6,32,128,2,8,32
7,32,128,2,8,16
8,32,128,4,8,32
9,32,128,4,8,16
10,32,128,8,8,32
11,32,128,8,8,16
12,64,128,2,8,32
13,64,128,2,8,16
14,64,128,4,8,32
15,64,128,4,8,16
16,64,128,8,8,32
17,64,128,8,8,16
18,64,256,2,8,32
19,64,256,2,8,16
20,64,256,4,8,32
21,64,256,4,8,16
22,64,256,8,8,32
23,64,256,8,8,16
24,128,128,2,8,32
25,128,128,2,8,16
26,128,128,4,8,32
27,128,128,4,8,16
28,128,128,8,8,32
29,128,128,8,8,16
30,256,64,2,8,32
31,256,64,2,8,16
32,256,64,4,8,32
33,256,64,4,8,16
34,256,64,8,8,32
35,256,64,8,8,16
36,128,64,2,8,32
37,128,64,2,8,16
38,128,64,4,8,32
39,128,64,4,8,16
40,128,64,8,8,32
41,128,64,8,8,16
42,128,32,2,8,32
43,128,32,2,8,16
44,128,32,4,8,32
45,128,32,4,8,16
46,128,32,8,8,32
47,128,32,8,8,16
48,256,32,2,8,32
49,256,32,2,8,16
50,256,32,4,8,32
51,256,32,4,8,16
52,256,32,8,8,32
53,256,32,8,8,16
